0 0.459207 0.760019 0.0523902 0.0509571 0.919914
0 0.870857 0.581024 0.0460114 0.0447223 0.913227
0 0.916995 0.953325 0.0385058 0.0367004 0.910619
0 0.670991 0.234916 0.0381722 0.0361355 0.908439
0 0.711816 0.548794 0.176681 0.172105 0.908293
0 0.35842 0.295695 0.0457135 0.0431153 0.908179
0 0.380975 0.56836 0.0645679 0.0626829 0.905155
0 0.706919 0.110656 0.0569425 0.0548366 0.904577
0 0.483884 0.409528 0.0366009 0.0346406 0.902533
0 0.460073 0.163835 0.0360893 0.03281 0.902418
0 0.838527 0.953661 0.0455869 0.0432345 0.901043
0 0.330602 0.620179 0.0483994 0.0453882 0.90056
0 0.740697 0.265503 0.0381076 0.0350308 0.900293
0 0.413675 0.663808 0.0489075 0.0471207 0.900262
0 0.295939 0.0677632 0.168235 0.135526 0.8991
0 0.703441 0.828575 0.0332105 0.0312672 0.897891
0 0.801718 0.407061 0.0448172 0.0432709 0.895984
0 0.558157 0.864534 0.0510094 0.0477552 0.895151
0 0.529499 0.371391 0.0443189 0.0418737 0.894321
0 0.265673 0.390561 0.0453463 0.0426899 0.893428
0 0.0486923 0.82437 0.0463544 0.0437417 0.891805
0 0.729582 0.909822 0.0331635 0.0304148 0.891127
0 0.984912 0.606873 0.0301756 0.0356454 0.888986
0 0.526305 0.906277 0.0260277 0.024528 0.888946
0 0.397828 0.395474 0.0321475 0.0297497 0.888854
0 0.0478546 0.973698 0.0434428 0.0415908 0.88831
0 0.335483 0.415521 0.0358626 0.0328689 0.887207
0 0.89937 0.755522 0.0583723 0.0585037 0.887008
0 0.880534 0.44354 0.0311145 0.0292509 0.884815
0 0.948317 0.0584784 0.0729153 0.0704391 0.884811
0 0.360008 0.212747 0.0494051 0.0447429 0.884045
0 0.673235 0.382908 0.0364175 0.0344803 0.882595
0 0.0932991 0.948271 0.0449546 0.0424244 0.882446
0 0.850577 0.226895 0.0262346 0.0247086 0.880406
0 0.101171 0.845868 0.0371352 0.0352204 0.879796
0 0.196072 0.28911 0.0353777 0.0331157 0.879426
0 0.580305 0.932404 0.0505359 0.0487442 0.879069
0 0.535922 0.758339 0.0372448 0.0353402 0.878256
0 0.335835 0.325231 0.0338917 0.0308658 0.877963
0 0.675415 0.34103 0.0922725 0.0852836 0.877363
0 0.919837 0.819474 0.0319335 0.0295027 0.877117
0 0.787893 0.132839 0.0325633 0.0301147 0.875149
0 0.214008 0.793831 0.0282298 0.0265152 0.873203
0 0.366747 0.39869 0.0297972 0.0280051 0.873041
0 0.834537 0.0688957 0.0304232 0.0280521 0.872389
0 0.10003 0.148273 0.0341403 0.03104 0.871802
0 0.607486 0.0299472 0.0382953 0.0359458 0.871484
0 0.0119317 0.792922 0.0237664 0.0238359 0.870931
0 0.324152 0.748069 0.0473457 0.0462074 0.87067
0 0.902205 0.474425 0.0411533 0.0387971 0.870313
0 0.12252 0.238869 0.107384 0.0995985 0.869023
0 0.768463 0.913536 0.0307441 0.0287992 0.868705
0 0.633829 0.13958 0.124643 0.120567 0.868457
0 0.959025 0.65521 0.0370882 0.0342417 0.868118
0 0.666608 0.938708 0.0507591 0.0492814 0.868014
0 0.458175 0.885474 0.0346539 0.0325811 0.867949
0 0.424024 0.14287 0.0321931 0.0299409 0.867098
0 0.772866 0.677339 0.0681487 0.0671726 0.865723
0 0.457833 0.487609 0.0216472 0.0202719 0.865239
0 0.430178 0.267688 0.031624 0.0301334 0.864593
0 0.701253 0.417141 0.0331225 0.0307502 0.864508
0 0.230461 0.389682 0.0319854 0.0309225 0.864298
0 0.0164297 0.719786 0.0328593 0.0423906 0.863471
0 0.250182 0.861937 0.064117 0.0591328 0.862526
0 0.420918 0.373065 0.0393401 0.0366317 0.862371
0 0.475019 0.915817 0.0297371 0.0280132 0.861742
0 0.20117 0.237756 0.0238537 0.0222479 0.860935
0 0.637 0.985198 0.050827 0.0293273 0.8599
0 0.849466 0.757653 0.0262636 0.0241816 0.85862
0 0.895586 0.370998 0.0711637 0.0714673 0.857805
0 0.796498 0.23597 0.0275766 0.0255165 0.856709
0 0.416929 0.426578 0.0255111 0.0239368 0.855755
0 0.65429 0.721321 0.0984923 0.0907019 0.855192
0 0.440237 0.310195 0.0456167 0.0436393 0.852215
0 0.72942 0.299094 0.0231369 0.0220988 0.851622
0 0.266962 0.201416 0.0243512 0.0235392 0.851033
0 0.13169 0.696 0.0320113 0.0296676 0.850567
0 0.933005 0.711287 0.0267475 0.0259559 0.847598
0 0.40783 0.714833 0.0250629 0.023665 0.844989
0 0.294301 0.737132 0.025031 0.02386 0.844227
0 0.460868 0.647509 0.0336678 0.031908 0.842476
0 0.679435 0.0716325 0.0214925 0.0203197 0.840363
0 0.455649 0.260385 0.019261 0.0184267 0.838477
0 0.537137 0.425008 0.0296631 0.0273742 0.838012
0 0.834976 0.20236 0.0263228 0.0250548 0.836402
0 0.33139 0.493165 0.0263671 0.0246723 0.835973
0 0.818828 0.106677 0.0227516 0.021418 0.833662
0 0.970523 0.458311 0.0332544 0.0313131 0.832062
0 0.921386 0.894352 0.0245682 0.0229836 0.831517
0 0.4957 0.0729724 0.0288846 0.0265788 0.829995
0 0.0144067 0.606865 0.0240696 0.0219077 0.827324
0 0.972045 0.27193 0.0339985 0.0320151 0.826917
0 0.639483 0.365662 0.0231777 0.0207655 0.826813
0 0.0140099 0.97712 0.0278401 0.04467 0.825912
0 0.750861 0.0633254 0.0506481 0.0501121 0.824804
0 0.39546 0.770542 0.0157756 0.0146657 0.824087
0 0.419659 0.895896 0.27573 0.208208 0.821879
0 0.929521 0.115956 0.0278873 0.025878 0.81954
0 0.549746 0.165378 0.0213509 0.0197784 0.819385
0 0.865447 0.315861 0.048064 0.0457861 0.818948
0 0.864586 0.658695 0.0652475 0.0637732 0.817954
0 0.594158 0.979368 0.0473115 0.0412639 0.81511
0 0.525304 0.209087 0.0280204 0.0264327 0.814954
0 0.472454 0.326468 0.0291314 0.026512 0.813385
0 0.603195 0.104619 0.0525126 0.0508171 0.812291
0 0.546952 0.101994 0.0369148 0.0362923 0.81195
0 0.773151 0.318986 0.0554279 0.0524589 0.810485
0 0.110451 0.414758 0.0755177 0.0772319 0.809972
0 0.769048 0.977818 0.0403364 0.0380787 0.809298
0 0.664762 0.0549521 0.0224421 0.0211075 0.807319
0 0.74908 0.641331 0.0465927 0.0445478 0.806886
0 0.211564 0.536067 0.0224347 0.0209839 0.806203
0 0.802489 0.746691 0.0510864 0.0489221 0.802806
0 0.879466 0.295535 0.0288376 0.0260187 0.802245
0 0.86072 0.910066 0.0623162 0.0625716 0.802132
0 0.0301703 0.651465 0.0300289 0.029604 0.79662
0 0.926419 0.265558 0.147163 0.166984 0.792997
0 0.975858 0.959023 0.0215762 0.0200471 0.790528
0 0.700005 0.775137 0.099081 0.106089 0.789565
0 0.349896 0.661224 0.0199832 0.0187352 0.782514
0 0.393839 0.169295 0.0196904 0.0185123 0.781149
0 0.453975 0.383319 0.0235243 0.0227253 0.78067
0 0.0907333 0.798499 0.032729 0.0314841 0.777384
0 0.463064 0.21571 0.0213574 0.0197983 0.776361
0 0.444644 0.411054 0.0329053 0.0317397 0.775916
0 0.297898 0.654524 0.0346289 0.0314906 0.77312
0 0.905998 0.399319 0.0287859 0.0272455 0.76623
0 0.493546 0.00891435 0.0299541 0.0178287 0.765395
0 0.605969 0.957064 0.020051 0.0194662 0.754965
0 0.748462 0.868029 0.0316582 0.0303023 0.748513
0 0.474191 0.27565 0.020468 0.0194102 0.748337
0 0.449839 0.242977 0.0217139 0.0206373 0.747881
0 0.325208 0.356053 0.0221413 0.021709 0.745102
0 0.272468 0.421617 0.0203261 0.0194218 0.743089
0 0.904959 0.864463 0.0697364 0.0697012 0.742176
0 0.0186631 0.0585999 0.0371777 0.0706632 0.740141
0 0.799396 0.276597 0.0262876 0.024497 0.738129
0 0.156334 0.692175 0.0632614 0.0588069 0.737647
0 0.20701 0.205551 0.0153255 0.0145497 0.737403
0 0.989664 0.361232 0.0206714 0.0307789 0.733082
0 0.0693404 0.89451 0.0262978 0.0251119 0.732845
0 0.222304 0.162556 0.0227345 0.0217212 0.731372
0 0.965657 0.839907 0.0204182 0.0198123 0.73023
0 0.013064 0.770057 0.0186082 0.0170009 0.729326
0 0.747914 0.396383 0.0949924 0.0901732 0.726741
0 0.706286 0.141748 0.0143285 0.0130619 0.716781
0 0.285992 0.550488 0.0253506 0.0240748 0.714307
0 0.0287889 0.947658 0.0306971 0.028929 0.708645
0 0.133327 0.965326 0.029269 0.0267603 0.706428
0 0.102207 0.355582 0.0248978 0.024065 0.703953
0 0.463268 0.12597 0.0582503 0.057125 0.699648
0 0.181896 0.259684 0.0252922 0.0242081 0.698976
0 0.774599 0.029452 0.03668 0.0345006 0.696793
0 0.542724 0.447569 0.0178727 0.016414 0.693769
0 0.298673 0.39816 0.0210315 0.0197636 0.693516
0 0.459685 0.0201756 0.0209928 0.0195614 0.6931
0 0.448642 0.727431 0.0231359 0.0219238 0.691875
0 0.5161 0.0546521 0.0342809 0.0309524 0.689314
0 0.509665 0.825624 0.0161378 0.0151898 0.685993
0 0.161262 0.316881 0.0297173 0.0281957 0.685696
0 0.389122 0.518456 0.0175679 0.0166786 0.681188
0 0.474994 0.70555 0.0214579 0.0198386 0.678098
0 0.691078 0.901958 0.0384912 0.0377705 0.67192
0 0.66505 0.181368 0.0323658 0.0300359 0.671142
0 0.14868 0.462022 0.0203208 0.0193399 0.667613
0 0.284534 0.942577 0.0466962 0.0455697 0.660501
0 0.815209 0.691401 0.0146067 0.0137951 0.660289
0 0.156908 0.155008 0.0296792 0.0275151 0.659074
0 0.95061 0.164834 0.027686 0.0268292 0.658366
0 0.268458 0.800425 0.0169895 0.0158746 0.654567
0 0.272077 0.273691 0.0200073 0.0185563 0.651776
0 0.815329 0.820244 0.101504 0.102821 0.650808
0 0.210499 0.569775 0.019527 0.0179796 0.647179
0 0.0687804 0.0350316 0.136429 0.0700632 0.646339
0 0.0715811 0.617101 0.0194406 0.0182458 0.632355
0 0.918491 0.524292 0.153768 0.143672 0.625253
0 0.457605 0.460852 0.0387199 0.0353298 0.620959
0 0.279633 0.339097 0.0480977 0.0469388 0.620156
0 0.600934 0.451037 0.0194008 0.0181088 0.615659
0 0.114269 0.0949481 0.192202 0.17922 0.612528
0 0.490134 0.879362 0.0314682 0.0313692 0.606113
0 0.245159 0.266519 0.0704167 0.0743951 0.599475
0 0.416462 0.0529561 0.0159612 0.0145574 0.598234
0 0.517736 0.774456 0.0240536 0.0229807 0.593731
0 0.824015 0.148654 0.0239515 0.0230582 0.592419
0 0.0796153 0.868818 0.0271059 0.0246701 0.590429
0 0.232011 0.547825 0.0188675 0.0179882 0.5903
0 0.382093 0.208122 0.0272986 0.0264505 0.587518
0 0.452722 0.445685 0.0556707 0.0605427 0.585709
0 0.987129 0.427227 0.0223099 0.0210922 0.577611
0 0.0394259 0.732115 0.0201907 0.0194355 0.576326
0 0.226417 0.463837 0.0188805 0.017651 0.572502
0 0.0119032 0.126083 0.0238065 0.0735135 0.56803
0 0.809459 0.797387 0.0655806 0.0603752 0.56749
0 0.97401 0.706839 0.0234447 0.0217073 0.56159
0 0.661553 0.452363 0.024681 0.0230706 0.556632
0 0.0292239 0.852146 0.0275789 0.0265713 0.552273
0 0.486002 0.138279 0.015488 0.0142292 0.550053
0 0.504101 0.445091 0.0465474 0.0467071 0.547494
0 0.163729 0.830355 0.131026 0.129685 0.53696
0 0.23515 0.241965 0.0438002 0.0402708 0.527941
0 0.570455 0.274244 0.0464058 0.0443825 0.527895
0 0.505096 0.247673 0.0318313 0.0289466 0.527271
0 0.947101 0.409758 0.0273578 0.0253237 0.524083
0 0.263019 0.541812 0.0149133 0.0138278 0.517253
0 0.227021 0.301641 0.0171449 0.0160701 0.512156
0 0.24291 0.751996 0.0438239 0.0435644 0.511111
0 0.847389 0.0302583 0.0142694 0.0133641 0.509524
0 0.0381489 0.338396 0.0176605 0.0167437 0.507179
0 0.18005 0.170375 0.0181252 0.0173644 0.506682
0 0.117647 0.390814 0.0472178 0.0443666 0.506398
0 0.220023 0.215905 0.0190657 0.0187144 0.505806
0 0.835277 0.349805 0.0560544 0.0544834 0.49995
0 0.929427 0.685024 0.0224962 0.0219934 0.497372
0 0.848062 0.34718 0.0325532 0.0306335 0.493175
0 0.814224 0.436907 0.0118194 0.0112056 0.488814
0 0.408147 0.839682 0.0139587 0.0125272 0.486978
0 0.212614 0.372012 0.0293693 0.027406 0.483569
0 0.454269 0.11404 0.0169852 0.0157516 0.476359
0 0.291858 0.772951 0.0238525 0.0235803 0.476263
0 0.0792627 0.0853596 0.0183474 0.0168372 0.469911
0 0.522533 0.281582 0.0226345 0.0215226 0.468073
0 0.139196 0.355318 0.013513 0.0127317 0.457635
0 0.686704 0.659776 0.0349793 0.0343027 0.456265
0 0.464118 0.0592519 0.180859 0.118504 0.454656
0 0.787575 0.0746925 0.0208492 0.0203883 0.44989
0 0.581907 0.897883 0.022477 0.0217243 0.445872
0 0.524367 0.0781044 0.0255374 0.0240129 0.443121
0 0.00895842 0.354025 0.0179168 0.0464243 0.442861
0 0.978977 0.107198 0.0420451 0.0628169 0.434725
0 0.346837 0.991303 0.0477298 0.017117 0.429167
0 0.940859 0.168286 0.0444617 0.0423425 0.428165
0 0.962186 0.356367 0.0195359 0.0183277 0.425428
0 0.715417 0.981868 0.0815144 0.0362647 0.424219
0 0.0429751 0.87358 0.0332811 0.030576 0.417121
0 0.22246 0.682933 0.0324104 0.0315307 0.413059
0 0.0344862 0.46409 0.0132316 0.0120054 0.412216
0 0.569017 0.648695 0.0226742 0.0218161 0.403646
0 0.0958411 0.465318 0.0216632 0.0212936 0.395866
0 0.240303 0.141012 0.0168648 0.0158619 0.390933
0 0.537293 0.231118 0.0212712 0.0193955 0.387186
0 0.712517 0.985888 0.037292 0.0282247 0.383203
0 0.0324231 0.153763 0.0126382 0.0120869 0.382423
0 0.363781 0.237447 0.0144345 0.0137866 0.377819
0 0.410923 0.782753 0.0185248 0.0174954 0.377406
0 0.37817 0.618447 0.0266796 0.0240722 0.371897
0 0.868386 0.98019 0.136562 0.0396209 0.371425
0 0.847998 0.843603 0.0237383 0.0227797 0.366757
0 0.546973 0.203273 0.0138479 0.012821 0.34867
0 0.475093 0.193405 0.0221937 0.0205325 0.339599
0 0.477496 0.815245 0.0298722 0.0277319 0.338927
0 0.228131 0.959737 0.0154056 0.0144136 0.335944
0 0.991259 0.55078 0.017462 0.0208205 0.335935
0 0.833794 0.906942 0.0223138 0.025329 0.335253
0 0.829378 0.245452 0.0321811 0.0331155 0.321911
0 0.14993 0.980145 0.0204716 0.0201805 0.320278
0 0.661666 0.84654 0.0137463 0.0130593 0.31966
0 0.65073 0.46544 0.0208945 0.0207826 0.317711
0 0.0132129 0.627488 0.0262581 0.172468 0.31597
0 0.344594 0.872723 0.0335915 0.0311939 0.313894
0 0.387629 0.262896 0.0128253 0.0121348 0.30839
0 0.960614 0.822719 0.0169392 0.0157936 0.308088
0 0.382375 0.231076 0.0183184 0.0169378 0.307094
0 0.50972 0.101726 0.0270324 0.0260625 0.303935
0 0.459191 0.528207 0.0209963 0.0195844 0.2966
0 0.985422 0.52321 0.0207465 0.0198101 0.289085
0 0.0111354 0.487513 0.0222707 0.0363318 0.28506
0 0.150959 0.167266 0.04505 0.0472703 0.2832
0 0.0489033 0.416765 0.034874 0.0348097 0.278945
0 0.553472 0.188172 0.0245491 0.0240654 0.27826
0 0.225221 0.840759 0.0436549 0.0439124 0.278056
0 0.772707 0.967526 0.0228412 0.0225821 0.277153
0 0.532788 0.785097 0.012305 0.0112569 0.275895
0 0.0155808 0.428082 0.0169051 0.0155945 0.274342
0 0.941778 0.585138 0.0301659 0.0299022 0.274337
0 0.205176 0.401099 0.0240667 0.0232101 0.273642
0 0.529711 0.407377 0.0189044 0.018539 0.271779
0 0.869247 0.0747591 0.0362511 0.0351882 0.266739
0 0.0377881 0.774143 0.0223396 0.0222538 0.262471
0 0.897691 0.0839975 0.0185099 0.0175757 0.258187
0 0.984519 0.179597 0.0224054 0.0213007 0.257407
0 0.315039 0.441085 0.0193839 0.0187947 0.257393
0 0.0235634 0.0488112 0.0185456 0.0171585 0.257302
0 0.318995 0.212061 0.0266547 0.0271197 0.256587
0 0.00830889 0.915066 0.0166178 0.0217499 0.249773
0 0.0629279 0.268815 0.124937 0.238642 0.247576
0 0.130976 0.577959 0.0209498 0.0196977 0.245026
0 0.286379 0.226241 0.0184304 0.0182771 0.241068
0 0.529549 0.598911 0.022576 0.0225585 0.239263
0 0.033257 0.094997 0.0153103 0.0146562 0.236702
0 0.79468 0.919772 0.0251763 0.025264 0.230146
0 0.0767324 0.28427 0.0273883 0.0263745 0.230037
0 0.644817 0.95796 0.0134149 0.0131292 0.228588
0 0.18086 0.40271 0.0591655 0.056155 0.226056
0 0.628287 0.876711 0.0821025 0.0839136 0.225078
0 0.981851 0.394884 0.0362988 0.0566093 0.223352
0 0.177596 0.965472 0.0287454 0.0260332 0.218657
0 0.977011 0.429402 0.0454112 0.101627 0.218627
0 0.345327 0.667305 0.0469007 0.0475764 0.218295
0 0.317616 0.795023 0.0290695 0.0280899 0.218096
0 0.567009 0.270928 0.166677 0.159418 0.214184
0 0.448833 0.0485364 0.0108849 0.00949763 0.210447
0 0.725564 0.697801 0.032892 0.0317461 0.210339
0 0.202346 0.168007 0.0127291 0.0114893 0.208222
0 0.742061 0.9636 0.0231287 0.0222725 0.204721
0 0.564789 0.0607096 0.013731 0.0136577 0.203861
0 0.743004 0.369724 0.0401444 0.038165 0.203331
0 0.678266 0.265555 0.0144094 0.0137155 0.199967
0 0.957559 0.760455 0.0327973 0.0319915 0.199356
0 0.547083 0.0419041 0.0134649 0.0119622 0.198164
0 0.974081 0.910346 0.0501468 0.143193 0.195118
0 0.332751 0.699473 0.0132762 0.0126104 0.189629
0 0.20187 0.0134631 0.0151123 0.0146318 0.188847
0 0.5953 0.656661 0.011043 0.0101621 0.182951
0 0.172058 0.917066 0.0128873 0.0115474 0.18139
0 0.981749 0.852746 0.0159715 0.0148523 0.179299
0 0.189284 0.88482 0.0380045 0.0416957 0.16904
0 0.0261082 0.226194 0.0522165 0.0672353 0.168868
0 0.373882 0.47615 0.0351498 0.0343511 0.168825
0 0.298573 0.166115 0.0212984 0.0209093 0.167759
0 0.00839485 0.266979 0.0165825 0.0286466 0.166848
0 0.190324 0.149394 0.0276123 0.0234635 0.166573
0 0.860777 0.193228 0.0246918 0.0236726 0.166536
0 0.00942839 0.843609 0.0188568 0.0640824 0.162605
0 0.432384 0.0807858 0.0236548 0.0227453 0.159785
0 0.418098 0.459802 0.0150726 0.0140806 0.154914
0 0.686158 0.286995 0.0295849 0.0265402 0.153039
0 0.987047 0.0509204 0.0147519 0.0138455 0.150051
