0 0.727122 0.702392 0.0431201 0.0401487 0.917993
0 0.069856 0.953821 0.0387608 0.0369089 0.910368
0 0.640463 0.119363 0.0375428 0.0356893 0.91011
0 0.62943 0.506902 0.0373174 0.0347648 0.909831
0 0.886122 0.568072 0.172738 0.166136 0.909719
0 0.537593 0.541745 0.0345477 0.0327901 0.906351
0 0.142345 0.607702 0.0414081 0.0405605 0.903818
0 0.537051 0.16321 0.0300128 0.0277919 0.901947
0 0.400759 0.577963 0.0514129 0.0505121 0.900788
0 0.97223 0.688157 0.0366433 0.0345125 0.899938
0 0.715036 0.7326 0.0313854 0.0290985 0.899436
0 0.514154 0.402041 0.0327263 0.0306445 0.899064
0 0.636694 0.798253 0.0555484 0.0526781 0.898665
0 0.393684 0.235446 0.0402369 0.0382894 0.898332
0 0.442386 0.300177 0.0378835 0.036629 0.898065
0 0.555877 0.381039 0.0304416 0.0285091 0.897968
0 0.465027 0.119034 0.0299606 0.0273582 0.896108
0 0.253464 0.199867 0.049581 0.0474846 0.896026
0 0.792327 0.919852 0.0348747 0.032311 0.895479
0 0.180727 0.583015 0.0483919 0.0467749 0.895331
0 0.353587 0.110502 0.178227 0.174856 0.895264
0 0.051443 0.755067 0.058734 0.0585201 0.893774
0 0.414993 0.688542 0.0552168 0.0540092 0.893219
0 0.892431 0.244015 0.0355392 0.0322356 0.889342
0 0.482662 0.299424 0.0354317 0.0337623 0.886635
0 0.0227092 0.580353 0.0445806 0.0462966 0.886146
0 0.708877 0.24038 0.182591 0.174264 0.886107
0 0.799113 0.442791 0.0384078 0.0363965 0.886008
0 0.484969 0.588324 0.0344552 0.0317131 0.885844
0 0.0851167 0.711344 0.0275941 0.0261804 0.885651
0 0.471212 0.636413 0.0436537 0.041521 0.884592
0 0.797928 0.986461 0.0417724 0.0270774 0.884035
0 0.466503 0.924219 0.0355672 0.0334226 0.883854
0 0.950775 0.66822 0.0302153 0.0281718 0.882319
0 0.519672 0.0873209 0.0287793 0.026697 0.879349
0 0.259046 0.388633 0.0275234 0.026141 0.879128
0 0.42367 0.206313 0.0591513 0.0560129 0.87895
0 0.29007 0.403089 0.0331703 0.0305622 0.878883
0 0.0537227 0.474327 0.0420777 0.0397793 0.878548
0 0.0998903 0.0583739 0.0722979 0.070744 0.878364
0 0.860039 0.918708 0.0251054 0.0233901 0.878125
0 0.576496 0.77505 0.0604336 0.0580413 0.876221
0 0.323873 0.944125 0.0315378 0.0293753 0.874701
0 0.55969 0.934902 0.0406199 0.0381064 0.874613
0 0.483579 0.771794 0.0351753 0.0330565 0.874555
0 0.707489 0.0429179 0.0295618 0.0270638 0.873554
0 0.205804 0.488733 0.0321382 0.0297757 0.873473
0 0.110867 0.655028 0.0364926 0.0341594 0.873278
0 0.542004 0.0688548 0.0330502 0.0308026 0.872745
0 0.735713 0.118578 0.0272703 0.0254558 0.87168
0 0.358605 0.771014 0.0227225 0.020648 0.870983
0 0.0205824 0.317021 0.0411647 0.041687 0.870576
0 0.759618 0.0362956 0.0414348 0.0398558 0.870483
0 0.385292 0.858173 0.0319834 0.0300633 0.870167
0 0.14456 0.360962 0.0290679 0.0272872 0.86953
0 0.44556 0.360316 0.0259944 0.0251727 0.869399
0 0.954423 0.264564 0.032763 0.0303488 0.869165
0 0.269463 0.635617 0.026528 0.0248646 0.868125
0 0.989036 0.452946 0.021928 0.032065 0.867932
0 0.609583 0.988326 0.0243537 0.0219897 0.867488
0 0.59726 0.850981 0.0369092 0.0360644 0.865722
0 0.892977 0.449112 0.0450325 0.0418144 0.865596
0 0.0479804 0.369999 0.0709505 0.0703979 0.865482
0 0.887774 0.0230341 0.0483217 0.0451882 0.865469
0 0.397592 0.957199 0.0403578 0.0375087 0.865393
0 0.416649 0.0162352 0.0286553 0.026728 0.865323
0 0.67459 0.482755 0.034004 0.032742 0.865022
0 0.413684 0.412586 0.060421 0.0571704 0.864971
0 0.072352 0.819853 0.0322522 0.0300012 0.864731
0 0.123167 0.457298 0.033481 0.0318241 0.863157
0 0.875109 0.723636 0.0683138 0.0675544 0.859752
0 0.217853 0.0406068 0.0822811 0.0806546 0.859193
0 0.336701 0.693076 0.0908298 0.0859753 0.859153
0 0.57137 0.52653 0.0398004 0.0373259 0.858928
0 0.237907 0.521181 0.0267135 0.0251944 0.858771
0 0.589506 0.721571 0.0476207 0.0447638 0.858544
0 0.457169 0.224758 0.0244874 0.0229468 0.85809
0 0.627167 0.555422 0.0445014 0.0431879 0.856864
0 0.115315 0.356561 0.0195042 0.0186497 0.855682
0 0.578942 0.305376 0.0326338 0.0297669 0.855302
0 0.229058 0.965734 0.0924124 0.0685325 0.854142
0 0.664246 0.35388 0.0731442 0.0732579 0.854102
0 0.161052 0.203174 0.0308637 0.0286263 0.853078
0 0.884764 0.273338 0.0289447 0.0265219 0.852066
0 0.585333 0.160613 0.0300119 0.027875 0.849038
0 0.608639 0.132414 0.0294569 0.0274143 0.848447
0 0.53094 0.356381 0.0469642 0.0434906 0.848431
0 0.947561 0.0507592 0.100487 0.0975381 0.846672
0 0.503306 0.0287817 0.0320288 0.0305046 0.846532
0 0.0731627 0.894584 0.0243047 0.0225689 0.84587
0 0.234933 0.118672 0.0923762 0.0854258 0.845232
0 0.23817 0.473915 0.0304198 0.0284293 0.843362
0 0.53722 0.676603 0.0355967 0.0317502 0.843249
0 0.865175 0.759532 0.0264099 0.0244796 0.842096
0 0.0772682 0.525469 0.153087 0.152678 0.837556
0 0.67248 0.986557 0.0338843 0.026886 0.831986
0 0.171929 0.272679 0.0309361 0.0289448 0.829579
0 0.145594 0.110188 0.0844213 0.0821249 0.828664
0 0.653436 0.952832 0.0444214 0.0429944 0.827962
0 0.499576 0.118572 0.049201 0.046027 0.824056
0 0.60205 0.376213 0.0582412 0.0585523 0.823219
0 0.885897 0.293957 0.0218189 0.0202244 0.82285
0 0.207695 0.176104 0.0262989 0.0240504 0.822387
0 0.2055 0.777169 0.0299497 0.0273006 0.81941
0 0.100003 0.409164 0.0279737 0.0260737 0.816904
0 0.819942 0.939235 0.0481408 0.0471573 0.816523
0 0.580117 0.119826 0.0267298 0.0247479 0.814187
0 0.965606 0.778431 0.0435779 0.0428867 0.812438
0 0.664479 0.725433 0.04457 0.0423145 0.811603
0 0.240841 0.898404 0.0342365 0.0328121 0.811545
0 0.394361 0.0115654 0.021287 0.0199465 0.811541
0 0.556873 0.712743 0.027395 0.0256248 0.809895
0 0.273745 0.942286 0.0471551 0.0459194 0.807599
0 0.854885 0.816303 0.0565469 0.0555029 0.806478
0 0.152433 0.552943 0.0334806 0.0316215 0.806136
0 0.384637 0.923671 0.0245453 0.0226572 0.80387
0 0.0231213 0.909513 0.0461042 0.0590117 0.803431
0 0.301443 0.782208 0.146892 0.141213 0.802819
0 0.959958 0.0727856 0.0360332 0.0326089 0.801252
0 0.327093 0.872541 0.0397441 0.0403347 0.801116
0 0.0912856 0.467207 0.0286523 0.0271113 0.800806
0 0.383616 0.70955 0.0205892 0.0192308 0.798914
0 0.360718 0.396797 0.018609 0.017434 0.798808
0 0.695441 0.0462987 0.143403 0.0925974 0.79687
0 0.294519 0.759421 0.0196452 0.0190997 0.796722
0 0.39463 0.372751 0.0322738 0.029626 0.794334
0 0.0369082 0.0309431 0.0192368 0.0176334 0.794283
0 0.55535 0.505549 0.0410733 0.0382988 0.791602
0 0.0583801 0.399621 0.0282263 0.0262184 0.789676
0 0.290974 0.978315 0.019528 0.0184678 0.788899
0 0.889201 0.207036 0.0166121 0.0157253 0.787671
0 0.226874 0.95058 0.0342942 0.0318775 0.787153
0 0.058802 0.865052 0.0733006 0.0725982 0.78302
0 0.140283 0.426844 0.0242203 0.0220841 0.780915
0 0.292223 0.907149 0.0340693 0.0324473 0.7714
0 0.842961 0.0912267 0.0414418 0.0393453 0.770035
0 0.325587 0.0148509 0.0188427 0.0178042 0.767218
0 0.08209 0.116322 0.0266982 0.0251011 0.761819
0 0.963478 0.403387 0.0426555 0.0406799 0.75501
0 0.352552 0.508329 0.0192945 0.0180765 0.754448
0 0.225642 0.366613 0.0224139 0.0210961 0.754307
0 0.0912651 0.263293 0.170601 0.177602 0.753881
0 0.608007 0.915176 0.0274626 0.0268724 0.745915
0 0.331084 0.335049 0.023465 0.0226158 0.743176
0 0.953936 0.123068 0.0375481 0.0352662 0.743003
0 0.404795 0.770667 0.0266572 0.024851 0.741909
0 0.528015 0.0479731 0.0320561 0.0304711 0.740992
0 0.935969 0.355696 0.0779095 0.0763754 0.739908
0 0.200683 0.548203 0.0290622 0.0272599 0.734217
0 0.300174 0.323671 0.0139757 0.0127757 0.730541
0 0.619023 0.942124 0.028316 0.0270879 0.727816
0 0.758693 0.794503 0.025439 0.0255227 0.727159
0 0.27501 0.820524 0.0776858 0.0742621 0.726672
0 0.530922 0.294116 0.0545628 0.0503942 0.726243
0 0.468108 0.852526 0.0269367 0.0259843 0.724836
0 0.146868 0.90635 0.0223287 0.0211127 0.722551
0 0.620491 0.750451 0.0507488 0.048418 0.71946
0 0.0328902 0.443381 0.0316292 0.0291955 0.719391
0 0.823094 0.797278 0.0208094 0.0197954 0.719014
0 0.0603958 0.693373 0.0208265 0.0192928 0.717873
0 0.64823 0.848743 0.0226405 0.0212332 0.71677
0 0.60429 0.0270021 0.0427897 0.0412217 0.71536
0 0.193766 0.513655 0.027972 0.0258188 0.709596
0 0.0253553 0.657104 0.0507105 0.0633582 0.701714
0 0.254176 0.585137 0.026681 0.0256469 0.699808
0 0.81276 0.810972 0.0261638 0.024323 0.694267
0 0.259927 0.859615 0.0173271 0.0162396 0.693828
0 0.810677 0.084354 0.0972583 0.0900462 0.687421
0 0.150723 0.409826 0.0825696 0.0832169 0.683981
0 0.364169 0.842267 0.0330696 0.0305376 0.683389
0 0.760535 0.887657 0.0264685 0.0259678 0.680183
0 0.125161 0.271658 0.03505 0.0326661 0.672993
0 0.8241 0.1413 0.0624949 0.0598881 0.668059
0 0.35119 0.421018 0.0315805 0.0324125 0.651717
0 0.753769 0.487892 0.0387049 0.0365093 0.651258
0 0.687423 0.81845 0.0972395 0.0926296 0.646925
0 0.954108 0.342634 0.0390283 0.0378369 0.646394
0 0.0956295 0.167016 0.0407978 0.0377324 0.64085
0 0.70981 0.951177 0.0496516 0.0507922 0.639941
0 0.00890898 0.346438 0.017818 0.0316039 0.638863
0 0.708104 0.10677 0.0152092 0.0138767 0.637821
0 0.537067 0.0125767 0.0232393 0.021106 0.637795
0 0.988913 0.0200155 0.0221744 0.0385079 0.636775
0 0.970627 0.886463 0.058746 0.222855 0.636238
0 0.613746 0.890088 0.0163342 0.0153935 0.631019
0 0.716534 0.339793 0.0175254 0.0163362 0.62463
0 0.524802 0.216439 0.0509324 0.0501149 0.618936
0 0.956226 0.231338 0.0328313 0.0318902 0.618898
0 0.530051 0.842675 0.0250423 0.0241446 0.616713
0 0.416143 0.891113 0.0490147 0.0457509 0.609161
0 0.373156 0.93951 0.0326974 0.0303392 0.605426
0 0.211272 0.29459 0.057215 0.0560286 0.605298
0 0.136802 0.523506 0.0201926 0.0190437 0.60525
0 0.613049 0.615376 0.0155816 0.0143114 0.602267
0 0.980797 0.282088 0.0314276 0.0302431 0.600553
0 0.863066 0.263329 0.0250926 0.0234035 0.594258
0 0.352519 0.721482 0.033232 0.0303547 0.592687
0 0.541278 0.886645 0.0404925 0.0392725 0.592503
0 0.731876 0.493081 0.0693552 0.0635346 0.592002
0 0.52328 0.786301 0.0368181 0.0355676 0.587265
0 0.379329 0.620352 0.027655 0.0254822 0.58125
0 0.244924 0.34162 0.0347789 0.0336511 0.575373
0 0.583349 0.0849491 0.0238836 0.0234038 0.571958
0 0.610605 0.399107 0.0292387 0.0267085 0.57177
0 0.220866 0.217171 0.0287258 0.0269867 0.559189
0 0.98748 0.251835 0.0241401 0.0386759 0.555396
0 0.274051 0.467103 0.0182208 0.0174065 0.547537
0 0.784073 0.775832 0.0185181 0.0176673 0.543884
0 0.725519 0.611708 0.142344 0.136812 0.539
0 0.487924 0.891259 0.015286 0.0144496 0.53305
0 0.71721 0.154323 0.013279 0.012095 0.532641
0 0.915063 0.115637 0.0174837 0.0164706 0.531995
0 0.183086 0.183485 0.0197803 0.0191327 0.523993
0 0.589231 0.56594 0.0334013 0.0326231 0.52317
0 0.569228 0.837549 0.0220799 0.0214314 0.512507
0 0.358324 0.916292 0.0193814 0.017854 0.511166
0 0.453617 0.827629 0.0146177 0.0139391 0.510673
0 0.560319 0.859243 0.028904 0.0269244 0.509681
0 0.266842 0.706261 0.0149976 0.0138433 0.506965
0 0.717761 0.50429 0.0368888 0.0374868 0.504937
0 0.527203 0.606863 0.0509106 0.0491707 0.502563
0 0.484861 0.66841 0.022005 0.021126 0.500962
0 0.558325 0.105108 0.0254412 0.0237623 0.496135
0 0.547632 0.736582 0.0271971 0.0255468 0.495261
0 0.342897 0.915432 0.0501543 0.0481318 0.487437
0 0.650066 0.148909 0.0188587 0.017823 0.47261
0 0.159098 0.772879 0.018979 0.0181904 0.467916
0 0.549011 0.237351 0.100433 0.0967132 0.466464
0 0.382307 0.201822 0.0189323 0.0179254 0.465176
0 0.038944 0.979842 0.0776569 0.0403152 0.463423
0 0.113216 0.821788 0.0170145 0.0155034 0.462948
0 0.528515 0.325372 0.0829334 0.0913973 0.462197
0 0.212673 0.296961 0.0259086 0.0246032 0.456486
0 0.683089 0.936344 0.015524 0.0149684 0.445597
0 0.852286 0.354814 0.0335629 0.0326661 0.436475
0 0.640247 0.897808 0.0232563 0.023645 0.433981
0 0.0233287 0.0740258 0.03565 0.0352223 0.431078
0 0.828533 0.88968 0.0517119 0.0514798 0.414776
0 0.876952 0.857927 0.0559953 0.055866 0.40949
0 0.151236 0.477191 0.0257575 0.023751 0.400429
0 0.516803 0.974465 0.0225219 0.021307 0.39683
0 0.0199443 0.741234 0.0166234 0.0157638 0.395681
0 0.848286 0.403373 0.0213664 0.0198175 0.394326
0 0.232665 0.418475 0.0120204 0.0108718 0.390496
0 0.930808 0.93471 0.0317647 0.0310346 0.386581
0 0.200909 0.990717 0.0320175 0.0185667 0.385317
0 0.00845016 0.757705 0.0167825 0.0259392 0.381721
0 0.665113 0.230489 0.0271106 0.0253717 0.380878
0 0.169589 0.428335 0.0291786 0.0288812 0.380143
0 0.012903 0.814481 0.025771 0.124083 0.379602
0 0.710046 0.677572 0.0170653 0.0162441 0.379477
0 0.144423 0.795008 0.0125392 0.0119451 0.37829
0 0.73271 0.291105 0.022709 0.0222309 0.376711
0 0.162841 0.0371755 0.0182282 0.0170138 0.37398
0 0.0813075 0.68105 0.0222213 0.0202491 0.371673
0 0.00854289 0.225085 0.0169669 0.0247445 0.365164
0 0.536762 0.80528 0.0411084 0.0373738 0.361772
0 0.777758 0.40395 0.0156143 0.0150255 0.360835
0 0.621535 0.683915 0.0538101 0.0541027 0.35363
0 0.00856769 0.951739 0.0171143 0.0494541 0.344606
0 0.336889 0.248018 0.0300623 0.0288706 0.343729
0 0.391643 0.476897 0.0687212 0.0689353 0.335345
0 0.563123 0.253393 0.0350312 0.0336293 0.334141
0 0.633711 0.579213 0.0183783 0.0176549 0.329854
0 0.987225 0.721968 0.0254037 0.0369155 0.325169
0 0.367044 0.979731 0.0170605 0.0156478 0.320345
0 0.983297 0.163724 0.030633 0.0289173 0.320312
0 0.205635 0.567585 0.0268158 0.0241747 0.317991
0 0.397907 0.45463 0.0164332 0.0151991 0.317379
0 0.23114 0.0715172 0.0444908 0.0419029 0.31593
0 0.489648 0.274791 0.0213684 0.0204775 0.314889
0 0.191618 0.252787 0.0280107 0.0276327 0.313195
0 0.71416 0.394264 0.0303429 0.0297281 0.312148
0 0.305721 0.00991266 0.0311632 0.0198253 0.310372
0 0.346503 0.56849 0.0274584 0.0248933 0.308987
0 0.989539 0.629472 0.0209224 0.028615 0.30888
0 0.987872 0.584203 0.0242554 0.0404432 0.303147
0 0.714346 0.876194 0.0329958 0.0321046 0.297642
0 0.0946687 0.583602 0.0308812 0.0309086 0.297638
0 0.198799 0.60766 0.0192661 0.0186819 0.296408
0 0.176644 0.400716 0.0241302 0.0218977 0.296155
0 0.267055 0.444376 0.0194597 0.0184784 0.294397
0 0.0874568 0.870527 0.0269013 0.0248244 0.294032
0 0.514149 0.84555 0.0512161 0.0472219 0.293443
0 0.473853 0.351473 0.0184695 0.0170063 0.290417
0 0.458963 0.786666 0.0233535 0.0222402 0.289964
0 0.531967 0.719082 0.011512 0.0103881 0.28826
0 0.758843 0.927163 0.0163019 0.0148964 0.288012
0 0.0982125 0.279142 0.0155947 0.0150232 0.284585
0 0.586331 0.232043 0.0291846 0.0295432 0.284209
0 0.573449 0.605216 0.0123314 0.0113478 0.283625
0 0.110397 0.760389 0.033559 0.0318058 0.283443
0 0.134203 0.852445 0.0164594 0.0153601 0.277968
0 0.760097 0.580348 0.225704 0.224573 0.273273
0 0.284628 0.527654 0.0125422 0.0118413 0.270767
0 0.475445 0.412577 0.0156153 0.0146102 0.26692
0 0.532811 0.626954 0.0800463 0.0868423 0.261992
0 0.417954 0.458833 0.0154804 0.0149197 0.261512
0 0.481753 0.242305 0.018705 0.0171145 0.257715
0 0.839639 0.435799 0.0600545 0.0632486 0.2519
0 0.0325813 0.295009 0.0305712 0.0270028 0.249214
0 0.140034 0.0510697 0.0131357 0.0122981 0.243378
0 0.796655 0.682934 0.111837 0.106867 0.237865
0 0.719655 0.467614 0.0231259 0.0223892 0.234804
0 0.691702 0.773961 0.0647678 0.0603955 0.226083
0 0.67581 0.912058 0.0236256 0.0236692 0.224619
0 0.985499 0.097633 0.0290021 0.0646943 0.220842
0 0.154421 0.843249 0.0178831 0.0176033 0.22024
0 0.991064 0.147276 0.0167093 0.0158015 0.217058
0 0.695985 0.459501 0.0237424 0.0244672 0.216141
0 0.499292 0.945752 0.0342759 0.0334632 0.215578
0 0.252397 0.698501 0.0583388 0.0588052 0.212091
0 0.180496 0.885454 0.0219596 0.0219542 0.204475
0 0.764791 0.456329 0.0120411 0.0110915 0.199649
0 0.112901 0.546535 0.0251889 0.0249794 0.19531
0 0.506899 0.52895 0.0302571 0.0289841 0.195075
0 0.0345498 0.399537 0.0175931 0.0164459 0.194102
0 0.763012 0.137283 0.0113637 0.010545 0.191492
0 0.383962 0.298789 0.014745 0.0134706 0.190197
0 0.176776 0.608296 0.0195975 0.0189904 0.186269
0 0.60252 0.531595 0.0210633 0.0224597 0.185761
0 0.171305 0.324012 0.0116803 0.0105699 0.184446
0 0.476064 0.98722 0.017962 0.0175626 0.18246
0 0.0540412 0.0651641 0.020601 0.0196984 0.178927
0 0.783625 0.287922 0.016417 0.0157251 0.17444
0 0.219051 0.161493 0.0162635 0.0142182 0.171237
0 0.8092 0.0641957 0.0187294 0.0179216 0.17115
0 0.411774 0.926208 0.0214944 0.0191607 0.17087
0 0.364548 0.237057 0.0131733 0.012313 0.170652
0 0.142847 0.171603 0.0138744 0.0135552 0.169556
0 0.610348 0.435877 0.0429876 0.0425504 0.167902
0 0.38548 0.0396533 0.0175488 0.016688 0.166644
0 0.60468 0.671291 0.0120755 0.0110651 0.160844
0 0.566394 0.690409 0.0166634 0.0167296 0.159157
0 0.240884 0.643839 0.0140254 0.0124642 0.159073
0 0.182158 0.00808338 0.0309132 0.0161668 0.15886
0 0.864045 0.316749 0.0271518 0.0257887 0.157988
0 0.311571 0.315021 0.0131605 0.0124354 0.156184
0 0.322069 0.201098 0.0146822 0.0136806 0.154398
